1001,-0.023354,-4.47521e-10,-0.0082735,8.16931e-12,-0.000178907,-3.5656e-13
1002,-0.0233716,-4.49183e-10,-0.00801495,8.62354e-12,-0.000167107,-3.39551e-13
1003,-0.0234159,-4.53568e-10,-0.00741044,9.83853e-12,-0.000136535,-2.8895e-13
1004,-0.0234565,-4.58015e-10,-0.00692634,1.11663e-11,-0.000107551,-2.27997e-13
1005,-0.0234938,-4.62327e-10,-0.00655444,1.24977e-11,-8.04176e-05,-1.59631e-13
1006,-0.023528,-4.6646e-10,-0.00628746,1.38252e-11,-5.50729e-05,-8.4278e-14
1007,-0.0235593,-4.70518e-10,-0.00611862,1.52404e-11,-3.15973e-05,1.57001e-16
1008,-0.023588,-4.74344e-10,-0.00603976,1.66585e-11,-1.00653e-05,9.13446e-14
1009,-0.0236144,-4.77912e-10,-0.0060432,1.80817e-11,9.57857e-06,1.89086e-13
1010,-0.0236387,-4.81326e-10,-0.00612157,1.95994e-11,2.73366e-05,2.95312e-13
1011,-0.0236611,-4.84446e-10,-0.00626717,2.11352e-11,4.32196e-05,4.07949e-13
1012,-0.0236819,-4.87238e-10,-0.00647257,2.2684e-11,5.72863e-05,5.26581e-13
1013,-0.0237013,-4.89775e-10,-0.00673067,2.43133e-11,6.95769e-05,6.52508e-13
1014,-0.0237194,-4.9192e-10,-0.00703437,2.59465e-11,8.01429e-05,7.8373e-13
1015,-0.0237365,-4.93653e-10,-0.0073769,2.75854e-11,8.90523e-05,9.19993e-13
1016,-0.0237527,-4.95049e-10,-0.00775178,2.92968e-11,9.63597e-05,1.06254e-12
1017,-0.0237682,-4.95979e-10,-0.00815267,3.10084e-11,0.000102131,1.20942e-12
1018,-0.0237832,-4.96413e-10,-0.00857356,3.27132e-11,0.000106449,1.36008e-12
1019,-0.0237977,-4.9641e-10,-0.00900887,3.44634e-11,0.000109368,1.51529e-12
1020,-0.0238119,-4.95867e-10,-0.00945299,3.62021e-11,0.000110955,1.6734e-12
1021,-0.023826,-4.94761e-10,-0.00990077,3.79231e-11,0.000111309,1.8338e-12
1022,-0.02384,-4.93124e-10,-0.0103476,3.96571e-11,0.000110477,1.99667e-12
1023,-0.023854,-4.90886e-10,-0.0107886,4.13652e-11,0.000108519,2.16069e-12
1024,-0.0238681,-4.88041e-10,-0.0112195,4.30486e-11,0.000105551,2.32536e-12
1025,-0.0238825,-4.84607e-10,-0.0116366,4.47223e-11,0.000101611,2.4905e-12
1026,-0.0238971,-4.80573e-10,-0.0120358,4.63836e-11,9.67466e-05,2.65557e-12
1027,-0.0239121,-4.75928e-10,-0.0124137,4.80255e-11,9.10919e-05,2.81989e-12
1028,-0.0239275,-4.70674e-10,-0.0127675,4.96468e-11,8.46722e-05,2.983e-12
1029,-0.0239433,-4.64825e-10,-0.0130939,5.12579e-11,7.75258e-05,3.14464e-12
1030,-0.0239596,-4.58378e-10,-0.0133903,5.28532e-11,6.97998e-05,3.30427e-12
1031,-0.0239764,-4.51278e-10,-0.0136547,5.43902e-11,6.15098e-05,3.46062e-12
1032,-0.0239938,-4.43565e-10,-0.0138846,5.58938e-11,5.26836e-05,3.61369e-12
1033,-0.0240118,-4.35239e-10,-0.0140781,5.73575e-11,4.34793e-05,3.76289e-12
1034,-0.0240304,-4.26227e-10,-0.0142343,5.87207e-11,3.39037e-05,3.9066e-12
1035,-0.0240496,-4.16599e-10,-0.0143511,6.00249e-11,2.39757e-05,4.04515e-12
1036,-0.0240694,-4.06365e-10,-0.0144274,6.12658e-11,1.38604e-05,4.17803e-12
1037,-0.0240898,-3.95438e-10,-0.0144632,6.23696e-11,3.55733e-06,4.30347e-12
1038,-0.0241108,-3.83944e-10,-0.0144571,6.34115e-11,-6.92134e-06,4.42244e-12
1039,-0.0241324,-3.7192e-10,-0.0144086,6.44004e-11,-1.74084e-05,4.5348e-12
1040,-0.0241546,-3.59316e-10,-0.0143185,6.5281e-11,-2.79104e-05,4.63941e-12
1041,-0.0241774,-3.46286e-10,-0.014186,6.61446e-11,-3.84212e-05,4.73772e-12
1042,-0.0242007,-3.32885e-10,-0.0140114,6.70109e-11,-4.87755e-05,4.83001e-12
1043,-0.0242245,-3.19016e-10,-0.0137959,6.77924e-11,-5.8985e-05,4.91479e-12
1044,-0.0242488,-3.04822e-10,-0.0135396,6.85738e-11,-6.90478e-05,4.99355e-12
1045,-0.0242735,-2.90315e-10,-0.0132433,6.93473e-11,-7.88057e-05,5.06621e-12
1046,-0.0242987,-2.75394e-10,-0.0129089,7.00236e-11,-8.82734e-05,5.13139e-12
1047,-0.0243242,-2.60191e-10,-0.0125369,7.06819e-11,-9.74522e-05,5.19045e-12
1048,-0.0243501,-2.44732e-10,-0.0121287,7.13242e-11,-0.000106195,5.24349e-12
1049,-0.0243763,-2.28933e-10,-0.0116866,7.18738e-11,-0.00011452,5.28937e-12
1050,-0.0244028,-2.12922e-10,-0.0112118,7.24061e-11,-0.000122431,5.32937e-12
1051,-0.0244295,-1.96719e-10,-0.0107062,7.29208e-11,-0.000129795,5.36355e-12
1052,-0.0244563,-1.80261e-10,-0.0101725,7.33568e-11,-0.000136634,5.39105e-12
1053,-0.0244833,-1.63685e-10,-0.00961218,7.37951e-11,-0.000142953,5.41319e-12
1054,-0.0245103,-1.4702e-10,-0.00902763,7.4241e-11,-0.000148639,5.43018e-12
1055,-0.0245374,-1.30226e-10,-0.00842181,7.46502e-11,-0.000153716,5.44152e-12
1056,-0.0245645,-1.13389e-10,-0.00779669,7.50707e-11,-0.000158191,5.44802e-12
1057,-0.0245916,-9.65087e-11,-0.00715487,7.5491e-11,-0.000161972,5.44959e-12
1058,-0.0246185,-7.95414e-11,-0.00649948,7.58658e-11,-0.000165087,5.44566e-12
1059,-0.0246453,-6.25508e-11,-0.0058328,7.62281e-11,-0.000167542,5.43675e-12
1060,-0.0246718,-4.5562e-11,-0.00515762,7.65832e-11,-0.000169271,5.42297e-12
1061,-0.0246982,-2.85874e-11,-0.00447711,7.69213e-11,-0.000170302,5.4044e-12
1062,-0.0247243,-1.16911e-11,-0.00379375,7.72777e-11,-0.000170645,5.38167e-12
1063,-0.02475,5.10956e-12,-0.0031104,7.76525e-11,-0.000170256,5.35494e-12
1064,-0.0247754,2.18046e-11,-0.00243016,7.80377e-11,-0.000169169,5.32439e-12
1065,-0.0248004,3.83601e-11,-0.0017556,7.84499e-11,-0.000167392,5.29036e-12
1066,-0.0248249,5.47801e-11,-0.00108954,7.88776e-11,-0.000164907,5.25281e-12
1067,-0.0248491,7.10788e-11,-0.000434863,7.92982e-11,-0.000161752,5.21166e-12
1068,-0.0248727,8.72457e-11,0.000205855,7.97137e-11,-0.000157934,5.16695e-12
1069,-0.0248957,1.03291e-10,0.000829965,8.01093e-11,-0.00015346,5.11849e-12
1070,-0.0249183,1.19245e-10,0.00143488,8.04527e-11,-0.000148369,5.06601e-12
1071,-0.0249402,1.35067e-10,0.00201816,8.07648e-11,-0.00014267,5.00973e-12
1072,-0.0249616,1.50745e-10,0.00257741,8.1046e-11,-0.000136391,4.94965e-12
1073,-0.0249824,1.66303e-10,0.00311044,8.12659e-11,-0.000129572,4.88546e-12
1074,-0.0250025,1.81686e-10,0.00361503,8.14575e-11,-0.000122222,4.81749e-12
1075,-0.025022,1.96883e-10,0.00408915,8.16198e-11,-0.00011439,4.74563e-12
1076,-0.0250408,2.11967e-10,0.00453106,8.16892e-11,-0.000106118,4.66914e-12
1077,-0.025059,2.26831e-10,0.00493889,8.17325e-11,-9.74128e-05,4.58861e-12
1078,-0.0250765,2.41457e-10,0.00531101,8.17516e-11,-8.83404e-05,4.50398e-12
1079,-0.0250934,2.55943e-10,0.00564624,8.16653e-11,-7.89445e-05,4.41437e-12
1080,-0.0251096,2.70153e-10,0.00594309,8.15579e-11,-6.92312e-05,4.32055e-12
1081,-0.0251251,2.84088e-10,0.00620043,8.14188e-11,-5.9279e-05,4.22233e-12
1082,-0.0251399,2.97878e-10,0.00641764,8.11461e-11,-4.9133e-05,4.1186e-12
1083,-0.0251541,3.11362e-10,0.00659371,8.08399e-11,-3.87974e-05,4.01028e-12
1084,-0.0251676,3.24503e-10,0.00672805,8.05109e-11,-2.83593e-05,3.89743e-12
1085,-0.0251805,3.37385e-10,0.00682059,8.00874e-11,-1.78648e-05,3.77947e-12
1086,-0.0251928,3.49881e-10,0.00687087,7.96459e-11,-7.3158e-06,3.65708e-12
1087,-0.0252044,3.61988e-10,0.00687883,7.91779e-11,3.19707e-06,3.53021e-12
1088,-0.0252155,3.73734e-10,0.00684499,7.86473e-11,1.36254e-05,3.39869e-12
1089,-0.025226,3.85022e-10,0.00676942,7.81115e-11,2.39702e-05,3.26307e-12
1090,-0.0252359,3.95847e-10,0.00665263,7.75606e-11,3.41417e-05,3.12333e-12
1091,-0.0252453,4.06223e-10,0.00649568,7.69713e-11,4.40909e-05,2.97951e-12
1092,-0.0252542,4.16117e-10,0.0062992,7.63562e-11,5.38215e-05,2.83178e-12
1093,-0.0252625,4.25529e-10,0.00606423,7.57065e-11,6.32489e-05,2.68018e-12
1094,-0.0252705,4.34429e-10,0.00579233,7.50262e-11,7.23248e-05,2.52505e-12
1095,-0.0252779,4.42814e-10,0.00548466,7.43124e-11,8.10561e-05,2.36648e-12
1096,-0.0252849,4.50655e-10,0.00514276,7.35731e-11,8.93679e-05,2.20472e-12
1097,-0.0252916,4.57916e-10,0.0047686,7.282e-11,9.72124e-05,2.04028e-12
1098,-0.0252979,4.64614e-10,0.00436385,7.20374e-11,0.0001046,1.8732e-12
1099,-0.0253038,4.7074e-10,0.00393048,7.12255e-11,0.00011147,1.70371e-12
1100,-0.0253094,4.76266e-10,0.00347079,7.03909e-11,0.000117775,1.5323e-12
1101,-0.0253147,4.81172e-10,0.00298689,6.95474e-11,0.000123529,1.35933e-12
1102,-0.0253198,4.85433e-10,0.00248109,6.87049e-11,0.000128687,1.18517e-12
1103,-0.0253246,4.89073e-10,0.00195595,6.78412e-11,0.000133204,1.01015e-12
1104,-0.0253292,4.92035e-10,0.00141394,6.69965e-11,0.000137099,8.34828e-13
1105,-0.0253335,4.94309e-10,0.000857606,6.61763e-11,0.000140345,6.59567e-13
1106,-0.0253378,4.95968e-10,0.00028966,6.53286e-11,0.000142898,4.84439e-13
1107,-0.0253419,4.96942e-10,-0.000287166,6.45044e-11,0.00014478,3.09977e-13
1108,-0.0253458,4.97244e-10,-0.00087017,6.36974e-11,0.000145988,1.36411e-13
1109,-0.0253496,4.96959e-10,-0.00145661,6.28488e-11,0.000146478,-3.62746e-14
1110,-0.0253534,4.96047e-10,-0.0020436,6.19935e-11,0.000146276,-2.07777e-13
1111,-0.025357,4.94515e-10,-0.00262838,6.11286e-11,0.000145403,-3.77953e-13
1112,-0.0253607,4.92432e-10,-0.00320831,6.02095e-11,0.000143811,-5.46746e-13
1113,-0.0253643,4.89779e-10,-0.00378043,5.92564e-11,0.000141535,-7.14013e-13
1114,-0.0253678,4.86545e-10,-0.00434207,5.82802e-11,0.000138615,-8.79558e-13
1115,-0.0253714,4.82749e-10,-0.00489076,5.72684e-11,0.000135006,-1.04314e-12
1116,-0.0253749,4.78366e-10,-0.00542358,5.6246e-11,0.000130747,-1.20458e-12
1117,-0.0253784,4.73397e-10,-0.00593806,5.52177e-11,0.000125897,-1.36368e-12
1118,-0.025382,4.67879e-10,-0.00643201,5.41611e-11,0.000120414,-1.52028e-12
1119,-0.0253856,4.61791e-10,-0.00690269,5.31e-11,0.00011434,-1.6742e-12
1120,-0.0253891,4.55153e-10,-0.00734788,5.20285e-11,0.000107755,-1.82536e-12
1121,-0.0253928,4.4802e-10,-0.00776578,5.09135e-11,0.000100617,-1.97364e-12
1122,-0.0253964,4.4033e-10,-0.00815393,4.98054e-11,9.29708e-05,-2.11877e-12
1123,-0.0254,4.32117e-10,-0.00851046,4.86918e-11,8.49141e-05,-2.26068e-12
1124,-0.0254037,4.23448e-10,-0.00883405,4.75308e-11,7.64036e-05,-2.39929e-12
1125,-0.0254074,4.14285e-10,-0.00912257,4.6361e-11,6.74912e-05,-2.53443e-12
1126,-0.025411,4.04648e-10,-0.00937463,4.51766e-11,5.82856e-05,-2.66602e-12
1127,-0.0254148,3.94625e-10,-0.0095894,4.39264e-11,4.87434e-05,-2.79404e-12
1128,-0.0254185,3.84156e-10,-0.00976519,4.26623e-11,3.89211e-05,-2.91835e-12
1129,-0.0254222,3.73243e-10,-0.00990114,4.13914e-11,2.89363e-05,-3.03885e-12
1130,-0.0254259,3.61963e-10,-0.00999693,4.00698e-11,1.87446e-05,-3.15545e-12
1131,-0.0254296,3.50269e-10,-0.0100514,3.87407e-11,8.40686e-06,-3.26807e-12
1132,-0.0254332,3.38163e-10,-0.0100643,3.74116e-11,-1.95471e-06,-3.37659e-12
1133,-0.0254369,3.25736e-10,-0.0100357,3.603e-11,-1.23858e-05,-3.48088e-12
1134,-0.0254405,3.12957e-10,-0.0099652,3.46294e-11,-2.28215e-05,-3.58089e-12
1135,-0.025444,2.99834e-10,-0.00985292,3.32151e-11,-3.31397e-05,-3.67649e-12
1136,-0.0254475,2.86435e-10,-0.00969971,3.1749e-11,-4.3389e-05,-3.76741e-12
1137,-0.0254509,2.72686e-10,-0.00950554,3.02956e-11,-5.35006e-05,-3.85347e-12
1138,-0.0254541,2.58596e-10,-0.0092712,2.88594e-11,-6.33572e-05,-3.93442e-12
1139,-0.0254574,2.44267e-10,-0.00899803,2.73843e-11,-7.30092e-05,-4.01003e-12
1140,-0.0254605,2.29654e-10,-0.00868657,2.59156e-11,-8.23857e-05,-4.0802e-12
1141,-0.0254634,2.14788e-10,-0.00833817,2.4449e-11,-9.13785e-05,-4.14476e-12
1142,-0.0254662,1.99753e-10,-0.00795462,2.29396e-11,-0.00010004,-4.20352e-12
1143,-0.0254689,1.84517e-10,-0.00753703,2.14271e-11,-0.000108298,-4.25648e-12
1144,-0.0254714,1.69113e-10,-0.00708723,1.99047e-11,-0.000116058,-4.3036e-12
1145,-0.0254738,1.53604e-10,-0.0066074,1.83456e-11,-0.000123376,-4.34471e-12
1146,-0.025476,1.37984e-10,-0.00609918,1.67699e-11,-0.000130177,-4.37998e-12
1147,-0.0254779,1.22286e-10,-0.00556479,1.51723e-11,-0.000136385,-4.40951e-12
1148,-0.0254798,1.06545e-10,-0.00500674,1.35418e-11,-0.000142057,-4.43325e-12
1149,-0.0254814,9.07763e-11,-0.0044271,1.18856e-11,-0.000147122,-4.45147e-12
1150,-0.0254828,7.49905e-11,-0.00382842,1.02093e-11,-0.00015152,-4.4643e-12
1151,-0.0254841,5.91944e-11,-0.00321343,8.52046e-12,-0.000155315,-4.47164e-12
1152,-0.0254851,4.33929e-11,-0.00258454,6.8305e-12,-0.000158434,-4.47375e-12
1153,-0.0254858,2.76123e-11,-0.00194453,5.13534e-12,-0.00016084,-4.47071e-12
1154,-0.0254864,1.1879e-11,-0.00129622,3.42908e-12,-0.000162601,-4.46241e-12
1155,-0.0254867,-3.81451e-12,-0.000642275,1.73053e-12,-0.000163644,-4.44912e-12
1156,-0.0254868,-1.94516e-11,1.44012e-05,4.15393e-14,-0.000163958,-4.43098e-12
1157,-0.0254867,-3.49726e-11,0.000671014,-1.66568e-12,-0.000163612,-4.40791e-12
1158,-0.0254864,-5.03917e-11,0.00132477,-3.37076e-12,-0.000162537,-4.38029e-12
1159,-0.0254858,-6.56918e-11,0.00197275,-5.07352e-12,-0.000160745,-4.34823e-12
1160,-0.0254851,-8.08085e-11,0.00261232,-6.80431e-12,-0.000158307,-4.31158e-12
1161,-0.0254841,-9.57645e-11,0.00324065,-8.53922e-12,-0.000155158,-4.2708e-12
1162,-0.0254828,-1.10556e-10,0.00385495,-1.02704e-11,-0.000151334,-4.22602e-12
1163,-0.0254814,-1.25162e-10,0.00445282,-1.20013e-11,-0.000146906,-4.17714e-12
1164,-0.0254798,-1.39581e-10,0.00503154,-1.37246e-11,-0.000141814,-4.12451e-12
1165,-0.0254779,-1.53795e-10,0.00558856,-1.54425e-11,-0.000136114,-4.06828e-12
1166,-0.025476,-1.67833e-10,0.00612181,-1.71249e-11,-0.000129881,-4.00843e-12
1167,-0.0254738,-1.81642e-10,0.0066288,-1.88012e-11,-0.000123055,-3.94532e-12
1168,-0.0254714,-1.95194e-10,0.00710729,-2.04821e-11,-0.000115715,-3.87912e-12
1169,-0.0254689,-2.08562e-10,0.00755568,-2.21106e-11,-0.000107934,-3.80989e-12
1170,-0.0254662,-2.21651e-10,0.00797177,-2.37442e-11,-9.96563e-05,-3.73792e-12
1171,-0.0254634,-2.34453e-10,0.00835374,-2.53835e-11,-9.09769e-05,-3.66337e-12
1172,-0.0254605,-2.47069e-10,0.0087005,-2.69551e-11,-8.19683e-05,-3.58635e-12
1173,-0.0254574,-2.59392e-10,0.00901026,-2.85253e-11,-7.25779e-05,-3.50697e-12
1174,-0.0254542,-2.71417e-10,0.00928168,-3.00953e-11,-6.29141e-05,-3.42532e-12
1175,-0.0254509,-2.83227e-10,0.00951422,-3.16014e-11,-5.30472e-05,-3.34145e-12
1176,-0.0254475,-2.94715e-10,0.00970656,-3.3113e-11,-4.29275e-05,-3.25539e-12
1177,-0.025444,-3.0589e-10,0.00985791,-3.46197e-11,-3.26724e-05,-3.16726e-12
1178,-0.0254406,-3.16838e-10,0.0099683,-3.60582e-11,-2.23497e-05,-3.07706e-12
1179,-0.025437,-3.2748e-10,0.0100369,-3.74791e-11,-1.19118e-05,-2.98483e-12
1180,-0.0254333,-3.37812e-10,0.0100636,-3.88817e-11,-1.48094e-06,-2.89059e-12
1181,-0.0254297,-3.47914e-10,0.0100488,-4.02053e-11,8.878e-06,-2.79433e-12
1182,-0.025426,-3.57698e-10,0.00999246,-4.15058e-11,1.92113e-05,-2.69601e-12
1183,-0.0254223,-3.67173e-10,0.00989481,-4.27736e-11,2.9397e-05,-2.59564e-12
1184,-0.0254186,-3.76406e-10,0.00975704,-4.39564e-11,3.93734e-05,-2.4932e-12
1185,-0.0254149,-3.85292e-10,0.00957945,-4.51216e-11,4.91858e-05,-2.38856e-12
1186,-0.0254111,-3.93815e-10,0.00936294,-4.62757e-11,5.87168e-05,-2.28169e-12
1187,-0.0254075,-4.02044e-10,0.00910917,-4.73631e-11,6.79094e-05,-2.17264e-12
1188,-0.0254038,-4.09889e-10,0.008819,-4.84423e-11,7.68071e-05,-2.0613e-12
1189,-0.0254001,-4.17335e-10,0.00849383,-4.9519e-11,8.53013e-05,-1.94759e-12
1190,-0.0253965,-4.24444e-10,0.00813578,-5.05408e-11,9.33397e-05,-1.83157e-12
1191,-0.0253929,-4.31115e-10,0.0077462,-5.15732e-11,0.000100965,-1.7131e-12
1192,-0.0253893,-4.37352e-10,0.00732693,-5.26077e-11,0.000108083,-1.59227e-12
1193,-0.0253858,-4.43203e-10,0.00688048,-5.36046e-11,0.000114645,-1.46918e-12
1194,-0.0253822,-4.48618e-10,0.00640863,-5.45943e-11,0.000120694,-1.3438e-12
1195,-0.0253786,-4.53593e-10,0.00591361,-5.55747e-11,0.000126151,-1.21611e-12
1196,-0.0253752,-4.58121e-10,0.00539817,-5.65424e-11,0.000130973,-1.08596e-12
1197,-0.0253716,-4.62205e-10,0.00486449,-5.74928e-11,0.000135205,-9.5348e-13
1198,-0.0253681,-4.6584e-10,0.00431506,-5.84235e-11,0.000138784,-8.18609e-13
1199,-0.0253645,-4.68976e-10,0.00375281,-5.93588e-11,0.000141674,-6.81044e-13
1200,-0.025361,-4.71632e-10,0.00318019,-6.02826e-11,0.000143919,-5.41004e-13
1201,-0.0253573,-4.73799e-10,0.00259989,-6.11941e-11,0.000145478,-3.98426e-13
1202,-0.0253536,-4.75428e-10,0.00201487,-6.21162e-11,0.000146319,-2.5305e-13
1203,-0.0253499,-4.76542e-10,0.00142778,-6.30299e-11,0.000146487,-1.05215e-13
1204,-0.025346,-4.77135e-10,0.000841371,-6.39335e-11,0.000145963,4.50283e-14
1205,-0.0253421,-4.77192e-10,0.000258538,-6.48277e-11,0.00014472,1.97697e-13
1206,-0.025338,-4.76723e-10,-0.00031798,-6.57024e-11,0.000142804,3.52519e-13
1207,-0.0253337,-4.75726e-10,-0.000885484,-6.65561e-11,0.000140219,5.09493e-13
1208,-0.0253294,-4.74166e-10,-0.00144125,-6.74011e-11,0.00013694,6.68761e-13
1209,-0.0253248,-4.72021e-10,-0.00198256,-6.82488e-11,0.000133015,8.30172e-13
1210,-0.0253199,-4.69284e-10,-0.00250688,-6.90994e-11,0.000128469,9.93651e-13
1211,-0.0253149,-4.65963e-10,-0.00301175,-6.99372e-11,0.000123283,1.15904e-12
1212,-0.0253096,-4.62048e-10,-0.00349461,-7.07676e-11,0.000117503,1.32604e-12
1213,-0.025304,-4.57527e-10,-0.00395315,-7.15934e-11,0.000111174,1.49451e-12
1214,-0.0252981,-4.5243e-10,-0.0043853,-7.23866e-11,0.000104281,1.66408e-12
1215,-0.0252918,-4.46744e-10,-0.00478872,-7.31558e-11,9.68715e-05,1.83441e-12
1216,-0.0252851,-4.40478e-10,-0.00516147,-7.38929e-11,8.90072e-05,2.00515e-12
1217,-0.0252781,-4.33662e-10,-0.00550189,-7.45714e-11,8.06773e-05,2.17582e-12
1218,-0.0252706,-4.26235e-10,-0.00580801,-7.5236e-11,7.19297e-05,2.34626e-12
1219,-0.0252627,-4.18187e-10,-0.00607829,-7.58918e-11,6.28394e-05,2.51611e-12
1220,-0.0252543,-4.09559e-10,-0.0063116,-7.65099e-11,5.33993e-05,2.68474e-12
1221,-0.0252454,-4.00293e-10,-0.00650636,-7.71366e-11,4.36577e-05,2.85192e-12
1222,-0.025236,-3.90426e-10,-0.00666156,-7.77535e-11,3.3699e-05,3.01703e-12
1223,-0.0252261,-3.80024e-10,-0.00677656,-7.83186e-11,2.35199e-05,3.17929e-12
1224,-0.0252156,-3.69061e-10,-0.00685031,-7.88624e-11,1.31683e-05,3.33842e-12
1225,-0.0252045,-3.57568e-10,-0.00688231,-7.93736e-11,2.73415e-06,3.4939e-12
1226,-0.0251929,-3.45594e-10,-0.00687249,-7.98269e-11,-7.78289e-06,3.64515e-12
1227,-0.0251806,-3.33149e-10,-0.00682034,-8.02306e-11,-1.83352e-05,3.79179e-12
1228,-0.0251676,-3.20251e-10,-0.0067259,-8.05864e-11,-2.88319e-05,3.93352e-12
1229,-0.0251541,-3.06904e-10,-0.00658967,-8.0901e-11,-3.9271e-05,4.07013e-12
1230,-0.0251399,-2.93111e-10,-0.0064117,-8.11904e-11,-4.96048e-05,4.20135e-12
1231,-0.025125,-2.78879e-10,-0.00619261,-8.14648e-11,-5.97466e-05,4.327e-12
1232,-0.0251095,-2.64226e-10,-0.0059334,-8.17255e-11,-6.96924e-05,4.44686e-12
1233,-0.0250933,-2.49179e-10,-0.00563472,-8.19742e-11,-7.93962e-05,4.56058e-12
1234,-0.0250764,-2.33768e-10,-0.0052977,-8.22097e-11,-8.87794e-05,4.66795e-12
1235,-0.0250589,-2.18042e-10,-0.00492385,-8.24125e-11,-9.78364e-05,4.76863e-12
1236,-0.0250407,-2.0202e-10,-0.00451436,-8.25927e-11,-0.000106524,4.8625e-12
1237,-0.0250218,-1.85739e-10,-0.00407085,-8.27456e-11,-0.000114776,4.94946e-12
1238,-0.0250023,-1.69255e-10,-0.00359524,-8.28462e-11,-0.000122585,5.02922e-12
1239,-0.0249822,-1.52556e-10,-0.00308924,-8.2926e-11,-0.00012991,5.10203e-12
1240,-0.0249614,-1.35675e-10,-0.00255491,-8.29812e-11,-0.000136702,5.16786e-12
1241,-0.02494,-1.18727e-10,-0.00199447,-8.29488e-11,-0.000142952,5.22598e-12
1242,-0.024918,-1.01675e-10,-0.00141012,-8.28765e-11,-0.000148622,5.27692e-12
1243,-0.0248954,-8.45475e-11,-0.00080425,-8.27623e-11,-0.000153681,5.32067e-12
1244,-0.0248724,-6.74896e-11,-0.000179323,-8.25244e-11,-0.000158121,5.35629e-12
1245,-0.0248487,-5.04024e-11,0.000462079,-8.22502e-11,-0.000161905,5.38485e-12
1246,-0.0248246,-3.33017e-11,0.0011173,-8.19472e-11,-0.000165027,5.40653e-12
1247,-0.0248001,-1.63497e-11,0.00178377,-8.15194e-11,-0.000167476,5.42021e-12
1248,-0.0247751,5.99463e-13,0.0024586,-8.10865e-11,-0.00016922,5.42749e-12
1249,-0.0247497,1.75405e-11,0.00313898,-8.06613e-11,-0.000170274,5.42857e-12
1250,-0.024724,3.42859e-11,0.00382233,-8.01312e-11,-0.000170631,5.422e-12
1251,-0.0246979,5.09699e-11,0.00450557,-7.96083e-11,-0.000170257,5.40935e-12
1252,-0.0246716,6.75633e-11,0.00518584,-7.90909e-11,-0.000169196,5.3907e-12
1253,-0.024645,8.38839e-11,0.00586066,-7.84688e-11,-0.000167438,5.36471e-12
1254,-0.0246183,1.00064e-10,0.00652687,-7.78509e-11,-0.000164954,5.3331e-12
1255,-0.0245914,1.16081e-10,0.00718167,-7.72389e-11,-0.000161811,5.29611e-12
1256,-0.0245644,1.31809e-10,0.00782279,-7.65557e-11,-0.000158002,5.25292e-12
1257,-0.0245373,1.4732e-10,0.0084471,-7.5869e-11,-0.000153498,5.20471e-12
1258,-0.0245102,1.62586e-10,0.00905199,-7.51723e-11,-0.000148392,5.15165e-12
1259,-0.0244832,1.7751e-10,0.00963549,-7.4406e-11,-0.000142677,5.09313e-12
1260,-0.0244563,1.92145e-10,0.0101946,-7.36219e-11,-0.000136329,5.03011e-12
1261,-0.0244294,2.06487e-10,0.0107271,-7.28272e-11,-0.000129462,4.96296e-12
1262,-0.0244028,2.20505e-10,0.0112313,-7.20034e-11,-0.00012207,4.8916e-12
1263,-0.0243764,2.34238e-10,0.0117046,-7.11905e-11,-0.000114133,4.81666e-12
1264,-0.0243502,2.47677e-10,0.0121451,-7.03906e-11,-0.000105782,4.73825e-12
1265,-0.0243243,2.60779e-10,0.0125516,-6.95812e-11,-9.70141e-05,4.65609e-12
1266,-0.0242988,2.73546e-10,0.0129218,-6.87755e-11,-8.78118e-05,4.57036e-12
1267,-0.0242737,2.85954e-10,0.0132543,-6.79687e-11,-7.83222e-05,4.48111e-12
1268,-0.024249,2.97992e-10,0.0135486,-6.71579e-11,-6.85443e-05,4.38844e-12
1269,-0.0242248,3.09661e-10,0.0138029,-6.63561e-11,-5.84639e-05,4.29263e-12
1270,-0.024201,3.2096e-10,0.0140162,-6.55704e-11,-4.82395e-05,4.19399e-12
1271,-0.0241777,3.3187e-10,0.0141886,-6.47938e-11,-3.78734e-05,4.09254e-12
1272,-0.024155,3.42358e-10,0.0143189,-6.40167e-11,-2.73548e-05,3.98828e-12
1273,-0.0241329,3.52392e-10,0.0144068,-6.32243e-11,-1.68491e-05,3.88126e-12
1274,-0.0241113,3.61929e-10,0.014453,-6.23917e-11,-6.36266e-06,3.77135e-12
1275,-0.0240903,3.70971e-10,0.0144569,-6.15292e-11,4.11093e-06,3.65906e-12
1276,-0.02407,3.79513e-10,0.0144189,-6.06361e-11,1.44043e-05,3.54476e-12
1277,-0.0240502,3.87495e-10,0.0143405,-5.96734e-11,2.45057e-05,3.42814e-12
1278,-0.0240311,3.9494e-10,0.0142216,-5.86612e-11,3.44163e-05,3.30999e-12
1279,-0.0240125,4.01845e-10,0.0140634,-5.75969e-11,4.39713e-05,3.19075e-12
1280,-0.0239946,4.08186e-10,0.013868,-5.64591e-11,5.31518e-05,3.07046e-12
1281,-0.0239772,4.14009e-10,0.0136362,-5.52783e-11,6.19516e-05,2.95007e-12
1282,-0.0239604,4.19326e-10,0.0133701,-5.40577e-11,7.0213e-05,2.83006e-12
1283,-0.0239441,4.24134e-10,0.0130721,-5.27858e-11,7.79082e-05,2.71052e-12
1284,-0.0239283,4.28477e-10,0.0127443,-5.14896e-11,8.5022e-05,2.59222e-12
1285,-0.0239129,4.32363e-10,0.0123891,-5.01662e-11,9.14074e-05,2.47537e-12
1286,-0.023898,4.35782e-10,0.01201,-4.87991e-11,9.70266e-05,2.3599e-12
1287,-0.0238833,4.38733e-10,0.0116097,-4.73825e-11,0.000101854,2.24592e-12
1288,-0.023869,4.41206e-10,0.0111917,-4.58994e-11,0.000105758,2.13336e-12
1289,-0.0238549,4.43242e-10,0.0107601,-4.43658e-11,0.000108688,2.0228e-12
1290,-0.0238409,4.44839e-10,0.0103185,-4.27704e-11,0.000110609,1.91412e-12
1291,-0.0238269,4.46029e-10,0.00987122,-4.1122e-11,0.000111404,1.80768e-12
1292,-0.0238129,4.46927e-10,0.00942313,-3.94842e-11,0.000111014,1.70489e-12
1293,-0.0237987,4.47495e-10,0.00897884,-3.78193e-11,0.000109393,1.60493e-12
1294,-0.0237842,4.47751e-10,0.00854351,-3.6129e-11,0.00010644,1.50781e-12
1295,-0.0237692,4.47806e-10,0.00812271,-3.44749e-11,0.00010209,1.41482e-12
1296,-0.0237538,4.47582e-10,0.00772205,-3.27949e-11,9.62889e-05,1.32443e-12
1297,-0.0237375,4.47096e-10,0.00734751,-3.10895e-11,8.89539e-05,1.23658e-12
1298,-0.0237205,4.46458e-10,0.00700543,-2.94215e-11,8.0019e-05,1.15253e-12
1299,-0.0237023,4.45565e-10,0.00670228,-2.77135e-11,6.943e-05,1.07039e-12
1300,-0.023683,4.44447e-10,0.00644482,-2.59747e-11,5.71191e-05,9.90297e-13
1301,-0.0236622,4.43237e-10,0.00624012,-2.42856e-11,4.30349e-05,9.13959e-13
1302,-0.0236397,4.41835e-10,0.0060953,-2.25699e-11,2.71367e-05,8.39434e-13
1303,-0.0236154,4.40254e-10,0.00601775,-2.08287e-11,9.36657e-06,7.66634e-13
1304,-0.023589,4.38613e-10,0.00601518,-1.91341e-11,-1.02868e-05,6.9714e-13
1305,-0.0235603,4.36811e-10,0.00609495,-1.74107e-11,-3.1826e-05,6.29014e-13
1306,-0.0235289,4.34877e-10,0.00626472,-1.56695e-11,-5.53062e-05,5.6247e-13
1307,-0.0234947,4.32975e-10,0.00653264,-1.40143e-11,-8.06534e-05,4.99945e-13
1308,-0.0234574,4.30982e-10,0.00690548,-1.23564e-11,-0.000107788,4.39095e-13
1309,-0.0234167,4.28909e-10,0.00739053,-1.06963e-11,-0.000136771,3.79936e-13
1310,-0.0233723,4.26922e-10,0.00799598,-9.14105e-12,-0.000167342,3.2518e-13
1311,-0.0233547,4.26159e-10,0.00825488,-8.55691e-12,-0.000179141,3.05061e-13
